0.0003745555877685547
0.0013375282287597656
0.0013496875762939453
0.005051851272583008
0.004070758819580078
0.004358768463134766
0.008435249328613281
0.007654905319213867
0.01739978790283203
0.022638797760009766
0.015596628189086914
0.02178478240966797
0.02219367027282715
0.026192426681518555
0.0323328971862793
0.035822153091430664
0.05136442184448242
0.10519957542419434
0.056363582611083984
0.06806731224060059
0.07500529289245605
0.10661911964416504
0.11983370780944824
0.12705373764038086
0.12431144714355469
0.11997818946838379
0.13289690017700195
0.136061429977417
