0.0002315044403076172
0.001430511474609375
0.0022623538970947266
0.004064798355102539
0.0067174434661865234
0.009953022003173828
0.01601552963256836
0.018904685974121094
0.02569127082824707
0.037163496017456055
0.040402889251708984
0.04856133460998535
0.058999061584472656
0.07236766815185547
0.08447384834289551
0.10515928268432617
0.12828469276428223
0.18513965606689453
0.15041184425354004
0.172013521194458
0.19846057891845703
0.23590087890625
0.2626914978027344
0.27075958251953125
0.3270294666290283
0.3507111072540283
0.3878037929534912
0.4894852638244629
