0.001191854476928711
0.007308006286621094
0.011829614639282227
0.02675795555114746
0.02620077133178711
0.051900386810302734
0.07681965827941895
0.11859703063964844
0.1933269500732422
0.24600577354431152
0.5318050384521484
0.5961980819702148
0.7207856178283691
0.9339165687561035
1.1853580474853516
1.5799651145935059
2.13153338432312
2.8832030296325684
2.7279152870178223
3.392099142074585
4.22404670715332
5.6433000564575195
7.340153455734253
7.616848707199097
8.884550333023071
11.11832332611084
13.26145625114441
15.197951316833496
