0.00014257431030273438
0.0002913475036621094
0.0026166439056396484
0.0016553401947021484
0.0014238357543945312
0.0018990039825439453
0.008454084396362305
0.00757598876953125
0.00693964958190918
0.0071926116943359375
0.00697636604309082
0.007101535797119141
0.009598731994628906
0.010230064392089844
0.013861656188964844
0.014028310775756836
0.020441770553588867
0.016817092895507812
0.06925654411315918
0.021332740783691406
0.022766590118408203
0.025904178619384766
0.029314517974853516
0.054997920989990234
0.035653114318847656
0.0393986701965332
0.044403076171875
0.04785513877868652
