0.0008916854858398438
0.003019571304321289
0.008379220962524414
0.014812946319580078
0.022134780883789062
0.01950812339782715
0.025294780731201172
0.06538844108581543
0.14674973487854004
0.10978007316589355
0.24072647094726562
0.20918869972229004
0.26119470596313477
0.29406237602233887
0.3863976001739502
0.46689796447753906
0.47803258895874023
0.6028227806091309
0.5563249588012695
0.40225815773010254
0.5153429508209229
1.7773511409759521
1.9851531982421875
1.8832910060882568
3.1559300422668457
4.14704442024231
2.9845476150512695
8.503194332122803
